,Athlete,WC Series Wins,WC Series Top 5,WChampGold,WChampSilver,WChampBronze,WChampTotal,WCup 1st,WCup 2nd,WCup 3rd,WCup Total,WCup competed,WCup Win %,WCup Podium %
1,François LEGRAND (FRA),5,10,3,0,1,4,17,11,3,31,58,29,53
2,Kilian FISCHHUBER (AUT),5,11,0,2,0,2,21,11,15,47,107,19,43
3,Adam ONDRA (CZE),4,9,4,5,2,11,22,12,4,38,67,32,56
4,Jérôme MEYER (FRA),4,7,0,1,0,1,11,5,9,25,54,20,46
5,Jakob SCHUBERT (AUT),3,11,6,4,1,11,24,19,22,65,155,15,41
6,Evgenii VAITSEKHOVSKII (RUS),3,8,1,0,0,1,14,13,6,33,72,19,45
7,Alexandre CHABOT (FRA),3,6,0,0,1,1,21,5,4,30,56,37,53
8,Stanislav KOKORIN (RUS),3,5,0,2,2,4,10,5,4,19,69,14,27
9,Sergei SINITCYN (RUS),3,11,0,0,2,2,9,13,7,29,71,12,40
10,Sorato ANRAKU (JPN),3,4,0,1,0,1,7,3,3,13,22,31,59
11,Veddriq LEONARDO (INA),3,3,0,0,0,0,6,0,2,8,20,30,40
12,Tomoa NARASAKI (JPN),2,7,3,1,1,5,8,17,5,30,84,9,35
13,Patxi USOBIAGA LAKUNZA (ESP),2,7,1,3,0,4,6,13,6,25,65,9,38
14,François PETIT (FRA),2,8,1,0,1,2,4,6,7,17,61,6,27
15,Christian CORE (ITA),2,4,1,0,1,2,3,6,4,13,75,4,17
16,Andrey VEDENMEER (UKR),2,2,1,0,0,1,2,0,0,2,25,8,8
17,Tomasz OLEKSY (POL),2,7,0,1,2,3,7,3,3,13,96,7,13
18,Sachi AMMA (JPN),2,6,0,0,1,1,7,12,10,29,63,11,46
19,Yuji HIRAYAMA (JPN),2,5,0,2,1,3,6,7,5,18,49,12,36
20,Jongwon CHON (KOR),2,4,0,1,0,1,5,2,4,11,75,6,14
21,Bassa MAWEM (FRA),2,5,0,1,0,1,3,3,5,11,52,5,21
22,Yoshiyuki OGATA (JPN),2,3,0,0,0,0,3,4,5,12,89,3,13
23,Qixin ZHONG (CHN),1,6,4,0,0,4,13,2,8,23,57,22,40
24,Dmitrii SHARAFUTDINOV (RUS),1,7,3,0,0,3,12,9,3,24,80,15,30
25,Ramón JULIAN PUIGBLANQUE (ESP),1,10,2,1,0,3,21,14,8,43,129,16,33
26,Tomás MRÁZEK (CZE),1,6,2,1,1,4,11,11,10,32,80,13,40
27,Danyil BOLDYREV (UKR),1,5,2,0,1,3,5,7,6,18,48,10,37
28,Maksym STYENKOVYY (UKR),1,4,2,1,0,3,4,0,6,10,33,12,30
29,Marcin DZIENSKI (POL),1,5,1,0,0,1,4,3,3,10,73,5,13
30,Vladimir NETSVETAEV-DOLGALEV (RUS),1,4,1,1,1,3,2,2,2,6,12,16,50
31,Flavio CRESPI (ITA),1,5,0,0,0,0,7,5,4,16,71,9,22
32,Rustam GELMANOV (RUS),1,7,0,1,2,3,6,6,6,18,78,7,23
33,Romain DESGRANGES (FRA),1,7,0,0,0,0,6,4,6,16,122,4,13
34,Stefano GHISOLFI (ITA),1,5,0,0,0,0,6,6,3,15,112,5,13
35,Jan HOJER (GER),1,2,0,1,2,3,6,4,2,12,97,6,12
36,Alexander PESHEKHONOV (RUS),1,6,0,0,1,1,5,9,3,17,38,13,44
37,Domen SKOFIC (SLO),1,5,0,0,0,0,5,5,5,15,96,5,15
38,Jorg VERHOEVEN (NED),1,4,0,0,1,1,4,9,16,29,122,3,23
39,Toby ROBERTS (GBR),1,4,0,0,0,0,4,0,5,9,22,18,40
40,Simon NADIN (GBR),1,1,0,0,0,0,4,1,1,6,7,57,85
41,Daniel DU LAC (FRA),1,6,0,0,0,0,3,8,3,14,51,5,27
42,François LOMBARD (FRA),1,4,0,0,0,0,3,4,4,11,31,9,35
43,Arnaud PETIT (FRA),1,3,0,1,0,1,3,3,3,9,37,8,24
44,Samuel WATSON (USA),1,3,0,0,0,0,3,1,0,4,17,17,23
45,Vladislav DEULIN (RUS),1,2,0,0,0,0,3,3,4,10,30,10,33
46,Pedro PONS (ESP),1,1,0,0,0,0,3,1,1,5,24,12,20
47,Jernej KRUDER (SLO),1,1,0,1,0,1,2,3,1,6,114,1,5
48,Luka POTOCAR (SLO),1,2,0,1,0,1,1,2,0,3,40,2,7
49,Lukasz SWIRK (POL),1,2,0,0,0,0,1,3,1,5,40,2,12
50,Malcolm SMITH (GBR),1,1,0,0,0,0,1,0,1,2,13,7,15
51,Sean MCCOLL (CAN),0,6,3,1,0,4,5,15,14,34,175,2,19
52,Reza ALIPOUR SHENAZANDIFARD (IRI),0,3,1,1,1,3,6,2,6,14,43,13,32
53,Kokoro FUJII (JPN),0,5,1,0,0,1,5,1,4,10,93,5,10
54,Salavat RAKHMETOV (RUS),0,3,1,0,0,1,5,6,1,12,68,7,17
55,Aleksei RUBTSOV (RUS),0,4,1,0,0,1,3,1,10,14,64,4,21
56,Daniel ANDRADA JIMENEZ (ESP),0,3,1,0,0,1,3,3,1,7,39,7,17
57,Gérome POUVREAU (FRA),0,3,1,0,1,2,2,3,5,10,61,3,16
58,Ludovico FOSSALI (ITA),0,2,1,0,0,1,2,1,3,6,65,3,9
59,Yannick FLOHÉ (GER),0,2,1,0,1,2,1,0,1,2,60,1,3
60,Mauro CALIBANI (ITA),0,1,1,0,0,1,1,1,1,3,22,4,13
61,Bernardino LAGNI (ITA),0,1,1,0,0,1,1,0,1,2,37,2,5
62,Vladimir ZAKHAROV (UKR),0,3,1,1,0,2,0,0,3,3,17,0,17
63,Kai HARADA (JPN),0,1,1,0,0,1,0,2,0,2,45,0,4
64,Matteo ZURLONI (ITA),0,1,1,0,0,1,0,0,0,0,0,0,0
65,Mickael MAWEM (FRA),0,0,1,0,0,1,0,0,0,0,0,0,0
66,Hans FLORINE (USA),0,0,1,0,0,1,0,0,0,0,0,0,0
67,David LAMA (AUT),0,2,0,0,1,1,8,1,3,12,41,19,29
68,Libor HROZA (CZE),0,6,0,1,0,1,5,12,7,24,68,7,35
69,Dmitrii TIMOFEEV (RUS),0,3,0,0,1,1,4,3,1,8,35,11,22
70,Evgeny OVCHINNIKOV (RUS),0,2,0,0,0,0,4,3,4,11,61,6,18
71,Mejdi SCHALCK (FRA),0,3,0,1,0,1,3,1,2,6,26,11,23
72,Guillaume GLAIRON MONDET (FRA),0,3,0,0,0,0,3,5,1,9,69,4,13
73,Sergey ABDRAKHMANOV (RUS),0,2,0,1,0,1,3,0,3,6,23,13,26
74,Sean BAILEY (USA),0,2,0,0,0,0,3,1,1,5,65,4,7
75,Dohyun LEE (KOR),0,1,0,0,1,1,3,4,0,7,34,8,20
76,Didier RABOUTOU (FRA),0,1,0,0,0,0,3,2,2,7,12,25,58
77,Aleksandr SHIKOV (RUS),0,1,0,0,1,1,3,1,0,4,41,7,9
78,Colin DUFFY (USA),0,0,0,1,0,1,3,0,2,5,35,8,14
79,Iakov SOUBBOTINE (RUS),0,4,0,0,0,0,2,1,1,4,27,7,14
80,Manuel ESCOBAR (VEN),0,3,0,1,0,1,2,1,2,5,27,7,18
81,Stephane JULIEN (FRA),0,3,0,0,0,0,2,0,1,3,43,4,6
82,Gautier SUPPER (FRA),0,2,0,0,1,1,2,0,4,6,59,3,10
83,Jacky GODOFFE (FRA),0,1,0,1,0,1,2,0,2,4,12,16,33
84,Cédric LACHAT (SUI),0,1,0,0,3,3,2,5,10,17,72,2,23
85,Jesse GRUPPER (USA),0,1,0,0,0,0,2,2,1,5,30,6,16
86,Peng WU (CHN),0,1,0,0,0,0,2,2,0,4,11,18,36
87,Rei SUGIMOTO (JPN),0,1,0,0,0,0,2,1,2,5,59,3,8
88,Sascha LEHMANN (SUI),0,1,0,0,0,0,2,1,1,4,72,2,5
89,Ludovic LAURENCE (FRA),0,1,0,0,0,0,2,0,1,3,47,4,6
90,Jianguo LONG (CHN),0,1,0,0,0,0,2,0,1,3,14,14,21
91,Alfian MUHAMMAD (INA),0,1,0,0,0,0,2,0,0,2,19,10,10
92,Cristian BRENNA (ITA),0,4,0,0,0,0,1,3,3,7,63,1,11
93,Jean-baptiste TRIBOUT (FRA),0,4,0,0,0,0,1,2,5,8,32,3,25
94,Yevgen KRYVOSHEYTSEV (UKR),0,3,0,1,1,2,1,3,0,4,57,1,7
95,Serik KAZBEKOV (UKR),0,3,0,1,0,1,1,3,4,8,63,1,12
96,Alexei GADEEV (RUS),0,3,0,0,1,1,1,2,1,4,14,7,28
97,Alexandre CHAOULSKY (RUS),0,3,0,0,0,0,1,2,4,7,16,6,43
98,Chris SHARMA (USA),0,2,0,1,0,1,1,3,2,6,9,11,66
99,Taisei HOMMA (JPN),0,2,0,0,0,0,1,5,1,7,33,3,21
100,Gabriele MORONI (ITA),0,2,0,0,0,0,1,4,0,5,62,1,8
101,Kiromal KATIBIN (INA),0,2,0,0,0,0,1,3,5,9,15,6,60
102,François AUCLAIR (FRA),0,2,0,0,0,0,1,2,2,5,35,2,14
103,Tsukuru HORI (JPN),0,2,0,0,0,0,1,2,2,5,67,1,7
104,Hyunbin MIN (KOR),0,2,0,0,0,0,1,1,3,5,55,1,9
105,Yaroslav GONTARYK (UKR),0,2,0,0,0,0,1,1,3,5,18,5,27
106,Alexander MEGOS (GER),0,1,0,1,2,3,1,5,4,10,54,1,18
107,Jinbao LONG (CHN),0,1,0,1,0,1,1,2,1,4,16,6,25
108,Klemen BECAN (SLO),0,1,0,0,0,0,1,2,1,4,110,0,3
109,Xinshang WANG (CHN),0,1,0,0,0,0,1,2,1,4,10,10,40
110,Keiichiro KORENAGA (JPN),0,1,0,0,0,0,1,2,0,3,27,3,11
111,Andreas BINDHAMMER (GER),0,1,0,0,0,0,1,1,1,3,66,1,4
112,Masahiro HIGUCHI (JPN),0,1,0,0,0,0,1,1,1,3,61,1,4
113,Arsenii SHEVCHENKO (RUS),0,1,0,0,0,0,1,1,0,2,30,3,6
114,Ao YURIKUSA (JPN),0,1,0,0,0,0,1,1,0,2,25,4,8
115,Elie CHEVIEUX (SUI),0,1,0,0,1,1,1,0,3,4,35,2,11
116,Gregor VEZONIK (SLO),0,1,0,0,1,1,1,0,2,3,49,2,6
117,Alban LEVIER (FRA),0,1,0,0,1,1,1,0,1,2,40,2,5
118,Rahmad ADI MULYONO (INA),0,1,0,0,1,1,1,0,1,2,11,9,18
119,Christoph FINKEL (GER),0,1,0,0,0,0,1,0,2,3,18,5,16
120,Jonas BAUMANN (GER),0,1,0,0,0,0,1,0,2,3,62,1,4
121,Keita WATABE (JPN),0,1,0,0,0,0,1,0,2,3,31,3,9
122,Sohta AMAGASA (JPN),0,1,0,0,0,0,1,0,1,2,14,7,14
123,Zento MURASHITA (JPN),0,1,0,0,0,0,1,0,0,1,8,12,12
124,Anatoly SKRIPOV (RUS),0,1,0,0,0,0,1,0,0,1,10,10,10
125,Marcello BOMBARDI (ITA),0,1,0,0,0,0,1,0,0,1,100,1,1
126,Manuel CORNU (FRA),0,0,0,1,2,3,1,1,0,2,54,1,3
127,Aspar JAELOLO (INA),0,0,0,0,0,0,1,4,1,6,28,3,21
128,Jerry MOFFATT (GBR),0,0,0,0,0,0,1,4,0,5,5,20,100
129,Daniel WOODS (USA),0,0,0,0,0,0,1,2,1,4,16,6,25
130,Xiaojie CHEN (CHN),0,0,0,0,0,0,1,1,2,4,9,11,44
131,Evgueni MINATCHEV (RUS),0,0,0,0,0,0,1,1,1,3,9,11,33
132,Hiroto SHIMIZU (JPN),0,0,0,0,0,0,1,1,0,2,12,8,16
133,Timo PREUSSLER (GER),0,0,0,0,0,0,1,1,0,2,23,4,8
134,Guido KÖSTERMEYER (GER),0,0,0,0,1,1,1,0,0,1,14,7,7
135,Sebastian HALENKE (GER),0,0,0,0,0,0,1,0,3,4,60,1,6
136,Leonardo GONTERO (ITA),0,0,0,0,0,0,1,0,2,3,50,2,6
137,Stéphan JULIEN (FRA),0,0,0,0,0,0,1,0,2,3,34,2,8
138,Eduard MARIN GARCIA (ESP),0,0,0,0,0,0,1,0,2,3,45,2,6
139,Raharjati NURSAMSA (INA),0,0,0,0,0,0,1,0,1,2,6,16,33
140,Carlos BRASCOE (ESP),0,0,0,0,0,0,1,0,1,2,6,16,33
141,Aspar ASPAR (INA),0,0,0,0,0,0,1,0,1,2,13,7,15
142,Andrew EARL (GBR),0,0,0,0,0,0,1,0,1,2,25,4,8
143,Mykhaylo SHALAGIN (UKR),0,0,0,0,0,0,1,0,1,2,51,1,3
144,Hidemasa NISHIDA (JPN),0,0,0,0,0,0,1,0,0,1,12,8,8
145,Leonel DE LAS SALAS (VEN),0,0,0,0,0,0,1,0,0,1,18,5,5
146,Mark CROXALL (GBR),0,0,0,0,0,0,1,0,0,1,29,3,3
147,Alex KHAZANOV (ISR),0,0,0,0,0,0,1,0,0,1,56,1,1
148,Erik NOYA CARDONA (ESP),0,2,0,1,0,1,0,2,2,4,20,0,20
149,Luca ZARDINI (ITA),0,2,0,0,0,0,0,2,3,5,90,0,5
150,Vladislav BARANOV (RUS),0,2,0,0,0,0,0,2,1,3,14,0,21
151,Shion OMATA (JPN),0,2,0,0,0,0,0,1,2,3,13,0,23
152,Frédéric TUSCAN (FRA),0,1,0,1,0,1,0,1,0,1,18,0,5
153,Meichi NARASAKI (JPN),0,1,0,0,0,0,0,4,1,5,43,0,11
154,Severino SCASSA (ITA),0,1,0,0,0,0,0,3,1,4,18,0,22
155,Manuel ROMAIN (FRA),0,1,0,0,0,0,0,2,3,5,54,0,9
156,Sam AVEZOU (FRA),0,1,0,0,0,0,0,2,2,4,37,0,10
157,Ben MOON (GBR),0,1,0,0,0,0,0,2,1,3,11,0,27
158,Jim KARN (USA),0,1,0,0,0,0,0,2,0,2,11,0,18
159,Nathaniel COLEMAN (USA),0,1,0,0,0,0,0,2,0,2,38,0,5
160,Aleksandr SHILOV (RUS),0,1,0,0,0,0,0,2,0,2,31,0,6
161,Maksym PETRENKO (UKR),0,1,0,0,1,1,0,1,3,4,41,0,9
162,Alexander KOSTERIN (RUS),0,1,0,0,0,0,0,1,4,5,21,0,23
163,Akito MATSUSHIMA (JPN),0,1,0,0,0,0,0,1,2,3,45,0,6
164,Alberto GINÉS LÓPEZ (ESP),0,1,0,0,0,0,0,1,2,3,36,0,8
165,Fabien MAZUER (FRA),0,1,0,0,0,0,0,1,1,2,15,0,13
166,Loïc GAIDIOZ (FRA),0,1,0,0,0,0,0,1,1,2,55,0,3
167,Christian SCHLESENER (GER),0,1,0,0,0,0,0,1,0,1,5,0,20
168,Remi SAMYN (FRA),0,1,0,0,0,0,0,1,0,1,16,0,6
169,David CAUDE (FRA),0,1,0,0,1,1,0,0,3,3,58,0,5
170,Kairat RAKHMETOV (KAZ),0,1,0,0,1,1,0,0,0,0,0,0,0
171,Paul DEWILDE (FRA),0,1,0,0,0,0,0,0,1,1,27,0,3
172,Simon WANDELER (SUI),0,1,0,0,0,0,0,0,1,1,32,0,3
173,Alexei KOZLOV (RUS),0,1,0,0,0,0,0,0,1,1,5,0,20
174,Didier RABATOU (FRA),0,1,0,0,0,0,0,0,0,0,0,0,0
175,Jerry MOFFAT (GBR),0,1,0,0,0,0,0,0,0,0,0,0,0
176,Carlos BRASCO (ESP),0,1,0,0,0,0,0,0,0,0,0,0,0
177,John BROSLER (USA),0,1,0,0,0,0,0,0,0,0,0,0,0
178,Martin STRANIK (CZE),0,0,0,1,0,1,0,2,2,4,78,0,5
179,Thomas TAUPORN (GER),0,0,0,1,0,1,0,1,2,3,50,0,6
180,Stefan GLOWACZ (GER),0,0,0,1,0,1,0,1,0,1,12,0,8
181,Jan KRIZ (CZE),0,0,0,1,0,1,0,0,1,1,39,0,2
182,Philipp MARTIN (GER),0,0,0,1,0,1,0,0,0,0,0,0,0
183,Milan BENIAN (CZE),0,0,0,1,0,1,0,0,0,0,0,0,0
184,Csaba KOMONDI (HUN),0,0,0,0,0,0,0,3,1,4,46,0,8
185,Christian BINDHAMMER (GER),0,0,0,0,0,0,0,3,0,3,70,0,4
186,Noah BRATSCHI (USA),0,0,0,0,1,1,0,2,0,2,23,0,8
187,Dmitrii FAKIRIANOV (RUS),0,0,0,0,0,0,0,2,2,4,17,0,23
188,Erianto ROZAK (INA),0,0,0,0,0,0,0,2,0,2,2,0,100
189,Maximillian MILNE (GBR),0,0,0,0,0,0,0,2,0,2,26,0,7
190,Matthias MÜLLER (SUI),0,0,0,0,0,0,0,2,0,2,49,0,4
191,Michaël FUSELIER (FRA),0,0,0,0,0,0,0,2,0,2,49,0,4
192,Rishat KHAIBULLIN (KAZ),0,0,0,0,1,1,0,1,0,1,30,0,3
193,Ning ZHANG (CHN),0,0,0,0,1,1,0,1,0,1,14,0,7
194,Sylvain MILLET (FRA),0,0,0,0,0,0,0,1,3,4,70,0,5
195,Maksym OSIPOV (UKR),0,0,0,0,0,0,0,1,2,3,20,0,15
196,Pandu asmoro GALAR (INA),0,0,0,0,0,0,0,1,1,2,4,0,50
197,Jindrich HUDECEK (CZE),0,0,0,0,0,0,0,1,1,2,7,0,28
198,Satone YOSHIDA (JPN),0,0,0,0,0,0,0,1,1,2,35,0,5
199,Anze PEHARC (SLO),0,0,0,0,0,0,0,1,1,2,56,0,3
200,Hannes VAN DUYSEN (BEL),0,0,0,0,0,0,0,1,1,2,20,0,10
201,Yufei PAN (CHN),0,0,0,0,0,0,0,1,1,2,58,0,3
202,Kostiantyn PAVLENKO (UKR),0,0,0,0,0,0,0,1,1,2,37,0,5
203,Michael PICCOLRUAZ (ITA),0,0,0,0,0,0,0,1,0,1,79,0,1
204,Liang ZHANG (CHN),0,0,0,0,0,0,0,1,0,1,16,0,6
205,Jingjie HUANG (CHN),0,0,0,0,0,0,0,1,0,1,5,0,20
206,Amir MAIMURATOV (KAZ),0,0,0,0,0,0,0,1,0,1,30,0,3
207,Tobias PLANGGER (AUT),0,0,0,0,0,0,0,1,0,1,15,0,6
208,Sabri SABRI (INA),0,0,0,0,0,0,0,1,0,1,10,0,10
209,Lev RUDATSKIY (RUS),0,0,0,0,0,0,0,1,0,1,9,0,11
210,Sangwon SON (KOR),0,0,0,0,0,0,0,1,0,1,46,0,2
211,Yuhang ZHANG (CHN),0,0,0,0,0,0,0,1,0,1,8,0,12
212,Minoru NAKANO (JPN),0,0,0,0,0,0,0,1,0,1,32,0,3
213,Daniel WINKLER (SUI),0,0,0,0,0,0,0,1,0,1,29,0,3
214,Tatsuya MURAOKA (JPN),0,0,0,0,0,0,0,1,0,1,2,0,50
215,Pavel SAMOILINE (RUS),0,0,0,0,0,0,0,1,0,1,21,0,4
216,Damien JEANDENAND (FRA),0,0,0,0,0,0,0,1,0,1,11,0,9
217,Hetai MA (CHN),0,0,0,0,0,0,0,1,0,1,5,0,20
218,Fedir SAMOILOV (UKR),0,0,0,0,1,1,0,0,1,1,50,0,2
219,Hamish MCARTHUR (GBR),0,0,0,0,1,1,0,0,0,0,0,0,0
220,Dmitrii BYCHKOV (RUS),0,0,0,0,1,1,0,0,0,0,0,0,0
221,David BARRANS (GBR),0,0,0,0,1,1,0,0,0,0,0,0,0
222,David FIRNENBURG (GER),0,0,0,0,1,1,0,0,0,0,0,0,0
223,Ryo OMASA (JPN),0,0,0,0,0,0,0,0,2,2,15,0,13
224,Magnus MIDTBOE (NOR),0,0,0,0,0,0,0,0,2,2,59,0,3
225,Keita MOGAKI (JPN),0,0,0,0,0,0,0,0,2,2,35,0,5
226,Robert CORTIJO (FRA),0,0,0,0,0,0,0,0,2,2,8,0,25
227,Nalle HUKKATAIVAL (FIN),0,0,0,0,0,0,0,0,1,1,14,0,7
228,Hiroshi OKANO (JPN),0,0,0,0,0,0,0,0,1,1,13,0,7
229,Francois KAISER (FRA),0,0,0,0,0,0,0,0,1,1,19,0,5
230,Lukas ENNEMOSER (AUT),0,0,0,0,0,0,0,0,1,1,41,0,2
231,Paul ROBINSON (USA),0,0,0,0,0,0,0,0,1,1,5,0,20
232,Julien MERAL (FRA),0,0,0,0,0,0,0,0,1,1,35,0,2
233,Sufriyanto RINDI (INA),0,0,0,0,0,0,0,0,1,1,7,0,14
234,Nicola SARTORI (ITA),0,0,0,0,0,0,0,0,1,1,12,0,8
235,Patxi AROCENA (ESP),0,0,0,0,0,0,0,0,1,1,30,0,3
236,Timmy FAIRFIELD (CAN),0,0,0,0,0,0,0,0,1,1,17,0,5
237,Marat SADYROV (RUS),0,0,0,0,0,0,0,0,1,1,18,0,5
238,Oleksandr SALIMOV (UKR),0,0,0,0,0,0,0,0,1,1,10,0,10
239,Denis OMELTCHENKO (RUS),0,0,0,0,0,0,0,0,1,1,3,0,33
240,Stephan HILGERS (GER),0,0,0,0,0,0,0,0,1,1,2,0,50
241,Ian VICKERS (GBR),0,0,0,0,0,0,0,0,1,1,25,0,4
242,Valeriy VOROBYEV (RUS),0,0,0,0,0,0,0,0,1,1,10,0,10
243,Victor KOZLOV (RUS),0,0,0,0,0,0,0,0,1,1,4,0,25
244,Guangpu LI (CHN),0,0,0,0,0,0,0,0,1,1,7,0,14
245,Stanislav KLESHNOV (UKR),0,0,0,0,0,0,0,0,1,1,12,0,8
246,Paul JENFT (FRA),0,0,0,0,0,0,0,0,1,1,26,0,3
247,Rei KAWAMATA (JPN),0,0,0,0,0,0,0,0,1,1,9,0,11
248,Long CAO (CHN),0,0,0,0,0,0,0,0,1,1,16,0,6
249,Kevin AMON (AUT),0,0,0,0,0,0,0,0,1,1,9,0,11
250,Shuta TANAKA (JPN),0,0,0,0,0,0,0,0,1,1,17,0,5
251,Hanwool KIM (KOR),0,0,0,0,0,0,0,0,1,1,53,0,1
252,Jeremy BONDER (FRA),0,0,0,0,0,0,0,0,1,1,46,0,2
253,Tomoaki TAKATA (JPN),0,0,0,0,0,0,0,0,1,1,41,0,2
254,Taisei ISHIMATSU (JPN),0,0,0,0,0,0,0,0,1,1,19,0,5
255,Gareth PARRY (GBR),0,0,0,0,0,0,0,0,1,1,54,0,1
256,Thomas JOANNES (FRA),0,0,0,0,0,0,0,0,1,1,37,0,2
257,Max RUDIGIER (AUT),0,0,0,0,0,0,0,0,1,1,64,0,1
258,Alessandro SANTONI (ITA),0,0,0,0,0,0,0,0,1,1,25,0,4
259,Yuki HADA (JPN),0,0,0,0,0,0,0,0,1,1,32,0,3
260,Aljosa GROM (SLO),0,0,0,0,0,0,0,0,1,1,46,0,2
261,Sergey RUKIN (RUS),0,0,0,0,0,0,0,0,1,1,7,0,14
262,Ron KAUK (USA),0,0,0,0,0,0,0,0,1,1,1,0,100
263,Galar pandu ASMORO (INA),0,0,0,0,0,0,0,0,1,1,1,0,100
