,Athlete,WC Series Wins,WC Series Top 5,WChampGold,WChampSilver,WChampBronze,WChampTotal,WCup 1st,WCup 2nd,WCup 3rd,WCup Total,WCup competed,WCup Win %,WCup Podium %
1,Tatiana RUYGA (RUS),3,5,2,1,0,3,5,6,4,15,28,17,53
2,Olga ZAKHAROVA (UKR),3,6,1,0,0,1,4,4,1,9,21,19,42
3,Edyta ROPEK (POL),3,7,0,1,1,2,8,7,7,22,86,9,25
4,Olena RYEPKO (UKR),2,6,3,1,0,4,11,3,6,20,40,27,50
5,Alina GAIDAMAKINA (RUS),2,4,1,0,0,1,8,4,1,13,32,25,40
6,Mariia KRASAVINA (RUS),2,7,1,0,1,2,6,11,12,29,53,11,54
7,Anouck JAUBERT (FRA),2,7,0,1,1,2,15,6,7,28,55,27,50
8,Emma HUNT (USA),2,3,0,1,0,1,2,5,3,10,21,9,47
9,Yuliya LEVOCHKINA (RUS),1,5,1,0,0,1,4,4,3,11,34,11,32
10,Natalia KALUCKA (POL),1,4,1,0,0,1,1,7,1,9,31,3,29
11,Iuliia KAPLINA (RUS),1,6,0,2,1,3,12,12,8,32,48,25,66
12,Anna STENKOVAYA (RUS),1,6,0,0,0,0,9,7,4,20,42,21,47
13,Valentina YURINA (RUS),1,7,0,1,2,3,5,6,11,22,49,10,44
14,Lijuan DENG (CHN),1,3,0,0,0,0,5,0,5,10,22,22,45
15,Yiling SONG (CHN),1,1,0,0,0,0,3,2,0,5,15,20,33
16,Renata PISZCZEK (POL),1,2,0,0,2,2,1,0,1,2,11,9,18
17,Aleksandra KALUCKA (POL),1,1,0,0,0,0,1,3,5,9,26,3,34
18,Aleksandra MIROSLAW (POL),0,7,2,0,3,5,14,4,4,22,46,30,47
19,Desak MADE RITA KUSUMA DEWI (INA),0,2,1,0,0,1,1,3,3,7,17,5,41
20,Cuilian HE (CHN),0,1,1,0,0,1,1,2,4,7,36,2,19
21,Olga BIBIK (RUS),0,1,1,0,1,2,1,1,0,2,3,33,66
22,Anna TSYGANOVA (RUS),0,3,1,1,0,2,0,2,6,8,39,0,20
23,Isabelle DORSIMOND (BEL),0,0,1,1,0,2,0,0,0,0,0,0,0
24,Natalie RICHER (FRA),0,0,1,0,0,1,0,0,0,0,0,0,0
25,Aries SUSANTI RAHAYU (INA),0,2,0,0,0,0,4,2,1,7,13,30,53
26,Svitlana TUZHYLINA (UKR),0,3,0,0,0,0,3,1,2,6,21,14,28
27,Kseniia ALEKSEEVA (RUS),0,3,0,0,0,0,2,5,3,10,21,9,47
28,Zosia PODGORBOUNSKIKH (RUS),0,3,0,0,0,0,2,1,4,7,16,12,43
29,Shaoqin ZHANG (CHN),0,1,0,0,0,0,2,0,1,3,16,12,18
30,Klaudia BUCZEK (POL),0,2,0,1,0,1,1,2,1,4,51,1,7
31,Mayya PIRATINSKAYA (RUS),0,2,0,1,0,1,1,1,1,3,30,3,10
32,Olena OSTAPENKO (UKR),0,2,0,0,0,0,1,2,0,3,12,8,25
33,Chunhua LI (CHN),0,1,0,0,1,1,1,1,1,3,14,7,21
34,Yafei ZHOU (CHN),0,1,0,0,0,0,1,1,0,2,14,7,14
35,Rajiah SALLSABILLAH (INA),0,1,0,0,0,0,1,1,0,2,21,4,9
36,Lucelia BLANCO (VEN),0,1,0,0,0,0,1,0,1,2,24,4,8
37,Ekaterina BARASHCHUK (RUS),0,1,0,0,0,0,1,0,0,1,9,11,11
38,Yulia INOZEMTSEVA (RUS),0,1,0,0,0,0,1,0,0,1,3,33,33
39,Cuifang HE (CHN),0,0,0,1,0,1,1,1,0,2,10,10,20
40,Evi NELIWATI (INA),0,0,0,0,0,0,1,1,1,3,12,8,25
41,Esther BRUCKNER (FRA),0,0,0,0,0,0,1,0,1,2,10,10,20
42,Shixue MENG (CHN),0,0,0,0,0,0,1,0,0,1,5,20,20
43,Rosmery DA SILVA (VEN),0,0,0,0,0,0,1,0,0,1,6,16,16
44,Lai-sho CHENG (HKG),0,0,0,0,0,0,1,0,0,1,9,11,11
45,Agung ethi HENDRAWATI (INA),0,2,0,0,0,0,0,5,1,6,10,0,60
46,Jimin JEONG (KOR),0,2,0,0,0,0,0,3,2,5,19,0,26
47,Natalia NOVIKOVA (RUS),0,2,0,0,1,1,0,2,0,2,6,0,33
48,Olesya SAULEVICH (RUS),0,2,0,0,0,0,0,0,0,0,0,0,0
49,Di NIU (CHN),0,1,0,1,0,1,0,1,1,2,24,0,8
50,Irina ZAYTSEVA (RUS),0,1,0,1,0,1,0,0,0,0,0,0,0
51,Anna BROZEK (POL),0,1,0,1,0,1,0,0,0,0,0,0,0
52,Svetlana SUTKINA (RUS),0,1,0,0,1,1,0,2,1,3,9,0,33
53,Olga EVSTIGNEEVA (RUS),0,1,0,0,0,0,0,2,0,2,15,0,13
54,Elizaveta IVANOVA (RUS),0,1,0,0,0,0,0,1,2,3,15,0,20
55,Alla MARENYCH (UKR),0,1,0,0,0,0,0,1,1,2,32,0,6
56,Francis RODRIGUEZ (VEN),0,1,0,0,0,0,0,1,0,1,16,0,6
57,Elena OVTCHINNIKOVA (USA),0,1,0,0,0,0,0,1,0,1,5,0,20
58,Patrycja CHUDZIAK (POL),0,1,0,0,0,0,0,0,2,2,47,0,4
59,Yuyun YUNIAR (INA),0,1,0,0,0,0,0,0,2,2,3,0,66
60,Shengyan WANG (CHN),0,1,0,0,0,0,0,0,1,1,14,0,7
61,Nataliya PERLOVA (UKR),0,1,0,0,0,0,0,0,1,1,9,0,11
62,Xuhua PAN (CHN),0,1,0,0,0,0,0,0,1,1,18,0,5
63,Iwona GRONKIEWICZ-MARCISZ (POL),0,1,0,0,0,0,0,0,0,0,0,0,0
64,Cecile AVEZOU (FRA),0,0,0,1,0,1,0,0,0,0,0,0,0
65,Agn√®s BRARD (FRA),0,0,0,1,0,1,0,0,0,0,0,0,0
66,Victoire ANDRIER (FRA),0,0,0,0,0,0,0,2,0,2,37,0,5
67,Sara MORANDI (ITA),0,0,0,0,0,0,0,2,0,2,9,0,22
68,Olga OCHTCHEPKOVA (RUS),0,0,0,0,0,0,0,1,2,3,7,0,42
69,Elena TIMOFEEVA (RUS),0,0,0,0,0,0,0,1,1,2,26,0,7
70,Yana MALKOVA (RUS),0,0,0,0,0,0,0,1,1,2,3,0,66
71,Sari AGUSTINA (INA),0,0,0,0,0,0,0,1,0,1,5,0,20
72,Natalia TITOVA (RUS),0,0,0,0,1,1,0,0,3,3,11,0,27
73,Venera CHERESHNEVA (RUS),0,0,0,0,1,1,0,0,1,1,4,0,25
74,Tamara KUZNETSOVA (KAZ),0,0,0,0,1,1,0,0,0,0,0,0,0
75,Adi Asih KADEK (INA),0,0,0,0,0,0,0,0,1,1,4,0,25
76,Nurul IQAMAH (INA),0,0,0,0,0,0,0,0,1,1,12,0,8
77,Miho NONAKA (JPN),0,0,0,0,0,0,0,0,1,1,8,0,12
78,Elma FLEURET (FRA),0,0,0,0,0,0,0,0,1,1,13,0,7
79,Puji LESTARI (INA),0,0,0,0,0,0,0,0,1,1,10,0,10
80,Marina KLEONOVA (RUS),0,0,0,0,0,0,0,0,1,1,1,0,100
81,Susan WINKLER (GER),0,0,0,0,0,0,0,0,1,1,2,0,50
82,Kseniya POLEKHINA (RUS),0,0,0,0,0,0,0,0,1,1,15,0,6
83,Galina TERENTEVA (RUS),0,0,0,0,0,0,0,0,1,1,3,0,33
