,Athlete,WC Series Wins,WC Series Top 5,WChampGold,WChampSilver,WChampBronze,WChampTotal,WCup 1st,WCup 2nd,WCup 3rd,WCup Total,WCup competed,WCup Win %,WCup Podium %
1,Tatiana RUYGA (RUS),3,5,2,1,0,3,5,6,4,15,28,17,53
2,Olga ZAKHAROVA (UKR),3,6,1,0,0,1,4,4,1,9,21,19,42
3,Edyta ROPEK (POL),3,7,0,1,1,2,8,7,7,22,86,9,25
4,Olena RYEPKO (UKR),2,6,3,1,0,4,11,3,6,20,40,27,50
5,Alina GAIDAMAKINA (RUS),2,4,1,0,0,1,8,4,1,13,32,25,40
6,Mariia KRASAVINA (RUS),2,7,1,0,1,2,6,11,12,29,53,11,54
7,Anouck JAUBERT (FRA),2,7,0,1,1,2,15,6,7,28,55,27,50
8,Yuliya LEVOCHKINA (RUS),1,5,1,0,0,1,4,4,3,11,34,11,32
9,Natalia KALUCKA (POL),1,4,1,0,0,1,1,7,1,9,30,3,30
10,Iuliia KAPLINA (RUS),1,6,0,2,1,3,12,12,8,32,48,25,66
11,Anna STENKOVAYA (RUS),1,6,0,0,0,0,9,7,4,20,42,21,47
12,Valentina YURINA (RUS),1,7,0,1,2,3,5,6,11,22,49,10,44
13,Lijuan DENG (CHN),1,3,0,0,0,0,5,0,5,10,22,22,45
14,Yiling SONG (CHN),1,1,0,0,0,0,3,2,0,5,15,20,33
15,Emma HUNT (USA),1,2,0,1,0,1,2,5,1,8,19,10,42
16,Renata PISZCZEK (POL),1,2,0,0,2,2,1,0,1,2,11,9,18
17,Aleksandra KALUCKA (POL),1,1,0,0,0,0,1,3,5,9,25,4,36
18,Aleksandra MIROSLAW (POL),0,6,2,0,3,5,13,4,4,21,45,28,46
19,Cuilian HE (CHN),0,1,1,0,0,1,1,2,4,7,36,2,19
20,Desak MADE RITA KUSUMA DEWI (INA),0,1,1,0,0,1,1,2,3,6,15,6,40
21,Olga BIBIK (RUS),0,1,1,0,1,2,1,1,0,2,3,33,66
22,Anna TSYGANOVA (RUS),0,3,1,1,0,2,0,2,6,8,39,0,20
23,Isabelle DORSIMOND (BEL),0,0,1,1,0,2,0,0,0,0,0,0,0
24,Natalie RICHER (FRA),0,0,1,0,0,1,0,0,0,0,0,0,0
25,Aries SUSANTI RAHAYU (INA),0,2,0,0,0,0,4,2,1,7,13,30,53
26,Svitlana TUZHYLINA (UKR),0,3,0,0,0,0,3,1,2,6,21,14,28
27,Kseniia ALEKSEEVA (RUS),0,3,0,0,0,0,2,5,3,10,21,9,47
28,Zosia PODGORBOUNSKIKH (RUS),0,3,0,0,0,0,2,1,4,7,16,12,43
29,Shaoqin ZHANG (CHN),0,1,0,0,0,0,2,0,1,3,14,14,21
30,Klaudia BUCZEK (POL),0,2,0,1,0,1,1,2,1,4,51,1,7
31,Mayya PIRATINSKAYA (RUS),0,2,0,1,0,1,1,1,1,3,30,3,10
32,Olena OSTAPENKO (UKR),0,2,0,0,0,0,1,2,0,3,12,8,25
33,Chunhua LI (CHN),0,1,0,0,1,1,1,1,1,3,14,7,21
34,Rajiah SALLSABILLAH (INA),0,1,0,0,0,0,1,1,0,2,19,5,10
35,Lucelia BLANCO (VEN),0,1,0,0,0,0,1,0,1,2,24,4,8
36,Ekaterina BARASHCHUK (RUS),0,1,0,0,0,0,1,0,0,1,9,11,11
37,Yulia INOZEMTSEVA (RUS),0,1,0,0,0,0,1,0,0,1,3,33,33
38,Cuifang HE (CHN),0,0,0,1,0,1,1,1,0,2,10,10,20
39,Evi NELIWATI (INA),0,0,0,0,0,0,1,1,1,3,12,8,25
40,Yafei ZHOU (CHN),0,0,0,0,0,0,1,1,0,2,12,8,16
41,Esther BRUCKNER (FRA),0,0,0,0,0,0,1,0,1,2,10,10,20
42,Rosmery DA SILVA (VEN),0,0,0,0,0,0,1,0,0,1,6,16,16
43,Lai-sho CHENG (HKG),0,0,0,0,0,0,1,0,0,1,9,11,11
44,Agung ethi HENDRAWATI (INA),0,2,0,0,0,0,0,5,1,6,10,0,60
45,Natalia NOVIKOVA (RUS),0,2,0,0,1,1,0,2,0,2,6,0,33
46,Olesya SAULEVICH (RUS),0,2,0,0,0,0,0,0,0,0,0,0,0
47,Di NIU (CHN),0,1,0,1,0,1,0,1,1,2,24,0,8
48,Irina ZAYTSEVA (RUS),0,1,0,1,0,1,0,0,0,0,0,0,0
49,Anna BROZEK (POL),0,1,0,1,0,1,0,0,0,0,0,0,0
50,Svetlana SUTKINA (RUS),0,1,0,0,1,1,0,2,1,3,9,0,33
51,Jimin JEONG (KOR),0,1,0,0,0,0,0,2,2,4,17,0,23
52,Olga EVSTIGNEEVA (RUS),0,1,0,0,0,0,0,2,0,2,15,0,13
53,Elizaveta IVANOVA (RUS),0,1,0,0,0,0,0,1,2,3,15,0,20
54,Alla MARENYCH (UKR),0,1,0,0,0,0,0,1,1,2,32,0,6
55,Francis RODRIGUEZ (VEN),0,1,0,0,0,0,0,1,0,1,16,0,6
56,Elena OVTCHINNIKOVA (USA),0,1,0,0,0,0,0,1,0,1,5,0,20
57,Patrycja CHUDZIAK (POL),0,1,0,0,0,0,0,0,2,2,46,0,4
58,Yuyun YUNIAR (INA),0,1,0,0,0,0,0,0,2,2,3,0,66
59,Shengyan WANG (CHN),0,1,0,0,0,0,0,0,1,1,13,0,7
60,Nataliya PERLOVA (UKR),0,1,0,0,0,0,0,0,1,1,9,0,11
61,Xuhua PAN (CHN),0,1,0,0,0,0,0,0,1,1,18,0,5
62,Iwona GRONKIEWICZ-MARCISZ (POL),0,1,0,0,0,0,0,0,0,0,0,0,0
63,Cecile AVEZOU (FRA),0,0,0,1,0,1,0,0,0,0,0,0,0
64,Agn√®s BRARD (FRA),0,0,0,1,0,1,0,0,0,0,0,0,0
65,Victoire ANDRIER (FRA),0,0,0,0,0,0,0,2,0,2,37,0,5
66,Sara MORANDI (ITA),0,0,0,0,0,0,0,2,0,2,9,0,22
67,Olga OCHTCHEPKOVA (RUS),0,0,0,0,0,0,0,1,2,3,7,0,42
68,Elena TIMOFEEVA (RUS),0,0,0,0,0,0,0,1,1,2,26,0,7
69,Yana MALKOVA (RUS),0,0,0,0,0,0,0,1,1,2,3,0,66
70,Sari AGUSTINA (INA),0,0,0,0,0,0,0,1,0,1,5,0,20
71,Natalia TITOVA (RUS),0,0,0,0,1,1,0,0,3,3,11,0,27
72,Venera CHERESHNEVA (RUS),0,0,0,0,1,1,0,0,1,1,4,0,25
73,Tamara KUZNETSOVA (KAZ),0,0,0,0,1,1,0,0,0,0,0,0,0
74,Adi Asih KADEK (INA),0,0,0,0,0,0,0,0,1,1,2,0,50
75,Nurul IQAMAH (INA),0,0,0,0,0,0,0,0,1,1,12,0,8
76,Miho NONAKA (JPN),0,0,0,0,0,0,0,0,1,1,8,0,12
77,Elma FLEURET (FRA),0,0,0,0,0,0,0,0,1,1,13,0,7
78,Puji LESTARI (INA),0,0,0,0,0,0,0,0,1,1,10,0,10
79,Marina KLEONOVA (RUS),0,0,0,0,0,0,0,0,1,1,1,0,100
80,Susan WINKLER (GER),0,0,0,0,0,0,0,0,1,1,2,0,50
81,Kseniya POLEKHINA (RUS),0,0,0,0,0,0,0,0,1,1,15,0,6
82,Galina TERENTEVA (RUS),0,0,0,0,0,0,0,0,1,1,3,0,33
