,Country,Gold,Silver,Bronze,Total
1,FRA,37,29,35,101
2,RUS,26,38,31,95
3,AUT,19,14,10,43
4,JPN,17,19,23,59
5,SLO,13,11,10,34
6,USA,13,5,13,31
7,UKR,10,11,10,31
8,POL,10,3,8,21
9,KOR,6,8,3,17
10,GBR,6,2,2,10
11,CZE,5,6,8,19
12,ESP,5,6,3,14
13,BEL,5,4,3,12
14,ITA,4,7,8,19
15,INA,4,4,4,12
16,CHN,3,2,5,10
17,GER,1,2,1,4
18,NED,1,1,0,2
19,SUI,0,2,2,4
20,CAN,0,1,2,3
21,IRI,0,1,0,1
22,AUS,0,1,0,1
23,KAZ,0,0,1,1
